111111111111111111111111111111
100001111011111111111111111111
111101111011111111111111111111
111100000011111111111111111111
111111111111111111111111111111
111111110111000000000000000001
111111110111011111110111111111
111111110111011111110111111111
111111110111011111110111111111
111111110000011111110111111111
111111111111011111110111101111
111111111111011111110111101111
111111111111011111110111101111
111111000000011110000000001111
111111011111111110111111111111
111111011111111110111111111111
111111011111111110111111111111
111111011111111110111111111111
111111000000000000000111111111
111111111111111111110111111111
111111111111111111110111111111
111111111111111111110111111111
111011111111111111110111111111
111011111000000000000111111111
111011111011111011111111111111
111000000011111011111111111111
111111111011111000000000011111
111111111011111111111111111111
111111111011111111111111111111
111111111111111111111111111111